1.960
1.535
2.067
2.104
1.926
1.996
1.908
1.911
2.183
2.026
1.937
1.747
1.587
1.535
1.484
1.452
1.663
1.504
1.529
1.640
2.175
1.967
1.767
1.733
1.716
1.618
1.728
1.645
1.658
1.996
3.175
2.114
1.998
1.891
1.862
1.764
1.861
2.641
1.817
1.757
2.988
2.176
2.161
2.275
1.903
1.827
1.855
1.931
2.004
1.902
3.211
2.334
2.103
2.034
1.967
1.894
2.029
1.992
1.924
1.885
4.330
2.692
2.280
2.248
2.222
2.176
2.015
2.097
1.989
2.006
3.657
2.800
2.403
2.367
2.319
2.145
2.072
2.200
2.945
3.207
4.066
2.996
2.575
2.529
2.320
2.228
2.117
2.240
2.297
2.290
4.511
3.241
2.803
2.685
2.500
2.451
2.578
2.442
2.429
2.464
6.767
3.947
3.256
3.035
2.775
2.592
2.580
2.745
2.624
2.572
7.741
4.810
4.154
2.949
2.845
2.726
2.736
2.751
2.774
3.921
5.864
4.541
3.805
3.273
3.162
3.230
4.293
3.784
2.926
2.954
6.388
4.741
3.933
3.397
3.152
3.143
3.638
3.169
3.097
3.461
6.973
4.707
4.108
3.742
3.578
3.348
4.737
4.790
4.787
4.670
9.258
5.500
4.156
3.894
3.707
3.378
3.363
3.299
3.293
3.468
8.052
5.322
4.347
3.946
3.913
3.700
3.534
3.942
5.225
3.781
11.926
7.209
5.290
4.603
4.588
4.472
6.131
3.880
3.905
4.079
9.737
7.278
5.336
4.583
4.284
4.199
4.140
3.866
4.237
3.929
11.451
7.039
5.226
4.639
4.231
4.194
4.093
4.134
4.138
4.236
10.185
7.360
5.492
5.094
4.646
4.638
4.359
6.365
4.589
4.449
16.531
8.355
7.784
7.217
5.154
5.285
4.917
4.737
5.265
4.737
17.079
7.687
6.649
6.250
6.000
5.642
5.178
5.104
4.819
4.978
12.959
9.383
7.648
6.684
5.886
5.513
5.464
5.585
5.399
6.841
19.136
10.048
9.148
7.071
6.814
6.154
5.682
6.613
5.481
5.566
17.514
11.294
8.234
6.933
6.453
6.033
5.719
5.755
5.837
5.846
21.632
9.795
8.242
7.051
6.953
6.360
6.598
6.373
6.444
6.246
16.820
11.410
9.028
9.704
7.304
7.121
7.171
6.403
6.552
6.348
17.789
11.947
9.234
8.028
7.307
6.925
6.537
6.577
6.563
7.169
18.998
13.227
10.298
9.041
7.859
7.573
7.070
6.894
9.687
7.423
22.930
13.895
10.550
9.011
8.383
11.523
8.469
7.750
7.999
7.369
28.807
14.565
10.801
9.822
8.259
7.668
8.535
9.269
7.813
10.315
25.424
15.358
11.946
12.309
8.885
8.142
8.581
7.773
7.824
8.061
26.800
18.317
14.336
10.890
9.320
8.968
8.341
8.938
8.222
8.504
28.018
17.017
11.903
10.705
10.214
13.936
11.552
9.029
9.551
9.487
34.427
20.170
13.820
11.930
10.579
10.045
9.456
9.364
9.839
9.586
29.742
17.714
14.579
12.345
11.386
10.031
9.847
9.767
13.125
9.424
31.452
19.135
14.783
12.497
11.392
11.047
10.634
10.106
10.177
10.412
34.773
23.005
15.476
12.963
12.170
11.183
10.824
11.784
10.766
15.759
35.446
21.375
15.967
13.542
12.381
11.558
16.395
10.934
11.865
11.480
43.679
24.906
16.823
14.300
12.857
12.373
11.908
11.590
11.380
11.695
